<?xml version="1.0"?>
<opencv_storage>
<R type_id="opencv-matrix">
  <rows>3</rows>
  <cols>3</cols>
  <dt>d</dt>
  <data>
    9.9986624170543581e-001 -1.6355372933864736e-002
    -2.1772491065955383e-005 1.6355372981799947e-002
    9.9986624193965268e-001 2.0254040705550915e-006
    2.1736452580865786e-005 -2.3812303680873213e-006
    9.9999999976092824e-001</data></R>
<T type_id="opencv-matrix">
  <rows>3</rows>
  <cols>1</cols>
  <dt>d</dt>
  <data>
    7.1985392272062709e+000 -8.1673855802028084e-001
    -1.1688339338514163e-003</data></T>
<E type_id="opencv-matrix">
  <rows>3</rows>
  <cols>3</cols>
  <dt>d</dt>
  <data>
    1.3637160045518659e-006 1.1706224355487020e-003
    -8.1673855545766072e-001 -1.3251482991814671e-003
    3.6258095099587511e-005 -7.1985392000368771e+000
    9.3436410644873169e-001 7.1842183008560170e+000
    -3.2024823048837641e-006</data></E>
<F type_id="opencv-matrix">
  <rows>3</rows>
  <cols>3</cols>
  <dt>d</dt>
  <data>
    -4.2583092573913933e-001 -3.6553595745509995e+002
    2.5503296433898789e+005 4.1378785986127849e+002
    -1.1321872112858879e+001 2.2477998361018742e+006
    -2.9176245721134281e+005 -2.2433280239831870e+006 1.</data></F>
<R1 type_id="opencv-matrix">
  <rows>3</rows>
  <cols>3</cols>
  <dt>d</dt>
  <data>
    9.9164826321319022e-001 -1.2897165775778913e-001
    -1.8319790159765996e-004 1.2897165796824442e-001
    9.9164828005000516e-001 -1.0713956088470363e-005
    1.8304968070596378e-004 -1.3002861158079461e-005
    9.9999998316186989e-001</data></R1>
<R2 type_id="opencv-matrix">
  <rows>3</rows>
  <cols>3</cols>
  <dt>d</dt>
  <data>
    9.9362500558189626e-001 -1.1273562991846053e-001
    -1.6133587487556774e-004 1.1273562973306257e-001
    9.9362501864796948e-001 -1.0271912757123399e-005
    1.6146537223696422e-004 -7.9818720819982110e-006
    9.9999998693261161e-001</data></R2>
<P1 type_id="opencv-matrix">
  <rows>3</rows>
  <cols>4</cols>
  <dt>d</dt>
  <data>
    1. 0. 2.0421737673209282e+002 0. 0. 1. 9.5265223986242518e+000 0. 0.
    0. 1. 0.</data></P1>
<P2 type_id="opencv-matrix">
  <rows>3</rows>
  <cols>4</cols>
  <dt>d</dt>
  <data>
    1. 0. 1.8155398778269955e+002 7.2447243042062874e+000 0. 1.
    9.5265223986242518e+000 0. 0. 0. 1. 0.</data></P2>
<Q type_id="opencv-matrix">
  <rows>4</rows>
  <cols>4</cols>
  <dt>d</dt>
  <data>
    1. 0. 0. -2.0421737673209282e+002 0. 1. 0. -9.5265223986242518e+000
    0. 0. 0. 1. 0. 0. 1.3803147752902065e-001 3.1282610624996319e+000</data></Q>
</opencv_storage>
